-17.6201
-17.7387
-17.8509
-17.9529
-18.0411
-18.112
-18.1618
-18.1869
-18.1837
-18.1485
-18.0777
-17.9646
-17.8081
-17.6131
-17.3847
-17.1277
-16.8471
-16.5477
-16.2346
-15.9127
-15.5869
-15.2621
-14.9433
-14.6355
-14.3434
-14.0722
-13.8266
-13.6117
-13.4324
-13.2937
-13.2003
-13.1574
-13.155
-13.1793
-13.2294
-13.3043
-13.4028
-13.5242
-13.6673
-13.8312
-14.015
-14.2174
-14.4378
-14.6749
-14.9278
-15.1956
-15.4772
-15.7716
-16.0779
-16.395
-16.722
-17.0579
-17.4017
-17.7512
-18.1058
-18.4671
-18.8365
-19.2153
-19.6051
-20.0073
-20.4233
-20.8546
-21.3026
-21.7688
-22.2546
-22.7614
-23.2907
-23.844
-24.4227
-25.0282
-25.6619
-26.3254
-27.02
-27.7472
-28.5534
-29.4741
-30.4941
-31.5983
-32.7717
-33.9993
-35.2658
-36.5563
-37.8556
-39.1488
-40.4206
-41.656
-42.84
-43.9574
-44.9932
-45.9324
-46.7597
-47.4602
-48.0187
-48.4202
-48.6496
-48.7058
-48.6059
-48.3625
-47.9878
-47.4942
-46.8943
-46.2003
-45.4247
-44.5799
-43.6783
-42.7322
-41.7541
-40.7565
-39.7516
-38.7519
-37.7698
-36.8176
-35.9079
-35.053
-34.2652
-33.5571
-32.8602
-32.1048
-31.3017
-30.4613
-29.5943
-28.7114
-27.823
-26.9398
-26.0724
-25.2314
-24.4273
-23.6709
-22.9726
-22.3431
-21.793
-21.3329
-20.9734
-20.725
-20.5984
-20.6042
-20.753
-21.0824
-21.6099
-22.3157
-23.1801
-24.1831
-25.3051
-26.5263
-27.8268
-29.187
-30.5869
-32.0069
-33.4272
-34.8279
-36.1893
-37.4916
-38.715
-39.8397
-40.846
-41.7141
-42.4241
-42.9564
-43.3299
-43.5837
-43.7279
-43.7726
-43.7279
-43.6038
-43.4106
-43.1582
-42.8569
-42.5166
-42.1476
-41.7599
-41.3636
-40.9689
-40.5858
-40.2244
-39.8948
-39.6072
-39.3717
-39.1983
-39.0971
-39.0531
-39.042
-39.0603
-39.1044
-39.1707
-39.2558
-39.3561
-39.468
-39.588
-39.7125
-39.838
-39.961
-40.0778
-40.185
-40.279
-40.3562
-40.4131
-40.4462
-40.4518
-40.4266
-40.3668
-40.2783
