-17.5307
-17.5854
-17.6401
-17.6948
-17.7495
-17.8042
-17.8589
-17.9136
-17.9683
-18.023
-18.0777
-17.8434
-17.6091
-17.3748
-17.1405
-16.9062
-16.6719
-16.4376
-16.2033
-15.969
-15.7347
-15.5004
-15.2661
-15.0318
-14.7975
-14.5632
-14.3289
-14.0946
-13.8603
-13.626
-13.3917
-13.1574
-13.3595
-13.5616
-13.7637
-13.9658
-14.1679
-14.3701
-14.5722
-14.7743
-14.9764
-15.1785
-15.3806
-15.5827
-15.7848
-15.9869
-16.189
-16.3912
-16.5933
-16.7954
-16.9975
-17.1996
-17.4017
-17.8943
-18.387
-18.8796
-19.3723
-19.8649
-20.3576
-20.8502
-21.3428
-21.8355
-22.3281
-22.8208
-23.3134
-23.8061
-24.2987
-24.7913
-25.284
-25.7766
-26.2693
-26.7619
-27.2546
-27.7472
-28.7426
-29.7379
-30.7333
-31.7286
-32.724
-33.7193
-34.7147
-35.71
-36.7054
-37.7007
-38.6961
-39.6914
-40.6868
-41.6821
-42.6775
-43.6728
-44.6682
-45.6635
-46.6589
-47.6542
-48.6496
-47.9309
-47.2122
-46.4935
-45.7748
-45.0561
-44.3375
-43.6188
-42.9001
-42.1814
-41.4627
-40.744
-40.0253
-39.3066
-38.5879
-37.8692
-37.1506
-36.4319
-35.7132
-34.9945
-34.2758
-33.5571
-32.9474
-32.3377
-31.7279
-31.1182
-30.5085
-29.8988
-29.2891
-28.6793
-28.0696
-27.4599
-26.8502
-26.2405
-25.6308
-25.021
-24.4113
-23.8016
-23.1919
-22.5822
-21.9724
-21.3627
-20.753
-21.8103
-22.8676
-23.9249
-24.9822
-26.0395
-27.0968
-28.1541
-29.2114
-30.2687
-31.326
-32.3834
-33.4407
-34.498
-35.5553
-36.6126
-37.6699
-38.7272
-39.7845
-40.8418
-41.8991
-42.9564
-42.7726
-42.5888
-42.4051
-42.2213
-42.0375
-41.8537
-41.67
-41.4862
-41.3024
-41.1186
-40.9349
-40.7511
-40.5673
-40.3835
-40.1998
-40.016
-39.8322
-39.6484
-39.4647
-39.2809
-39.0971
-39.1576
-39.218
-39.2785
-39.3389
-39.3994
-39.4599
-39.5203
-39.5808
-39.6413
-39.7017
-39.7622
-39.8226
-39.8831
-39.9436
-40.004
-40.0645
-40.125
-40.1854
-40.2459
-40.3063
-40.3668
-40.1499
