-17.3861
-17.4423
-17.5012
-17.5629
-17.6273
-17.6947
-17.765
-17.8383
-17.9148
-17.9946
-18.0777
-17.8352
-17.5937
-17.3532
-17.1136
-16.8749
-16.6371
-16.4002
-16.1641
-15.9288
-15.6943
-15.4605
-15.2274
-14.995
-14.7633
-14.5322
-14.3017
-14.0718
-13.8424
-13.6136
-13.3853
-13.1574
-13.329
-13.5035
-13.6808
-13.861
-14.0442
-14.2303
-14.4194
-14.6116
-14.8068
-15.0051
-15.2066
-15.4112
-15.619
-15.8301
-16.0444
-16.2621
-16.4831
-16.7076
-16.9355
-17.1668
-17.4017
-17.8984
-18.3946
-18.8905
-19.386
-19.8811
-20.3758
-20.8701
-21.364
-21.8575
-22.3505
-22.8432
-23.3355
-23.8273
-24.3187
-24.8097
-25.3004
-25.7905
-26.2803
-26.7697
-27.2586
-27.7472
-28.5098
-29.3034
-30.1266
-30.9783
-31.8572
-32.7622
-33.6921
-34.6457
-35.6219
-36.6194
-37.6372
-38.6739
-39.7284
-40.7994
-41.8856
-42.9858
-44.0987
-45.2229
-46.357
-47.4997
-48.6496
-48.0903
-47.5193
-46.936
-46.3399
-45.7304
-45.1069
-44.4686
-43.8151
-43.1455
-42.4592
-41.7554
-41.0332
-40.2918
-39.5304
-38.7481
-37.9438
-37.1166
-36.2654
-35.3892
-34.4868
-33.5571
-32.9591
-32.3595
-31.7585
-31.156
-30.5521
-29.9468
-29.3404
-28.7327
-28.1238
-27.5139
-26.903
-26.2911
-25.6784
-25.0648
-24.4505
-23.8356
-23.22
-22.6039
-21.9873
-21.3703
-20.753
-21.5316
-22.3295
-23.1477
-23.9874
-24.8498
-25.7362
-26.6478
-27.5861
-28.5524
-29.5484
-30.5755
-31.6355
-32.73
-33.8609
-35.03
-36.2391
-37.4903
-38.7856
-40.127
-41.5166
-42.9564
-42.7681
-42.5802
-42.3927
-42.2056
-42.0189
-41.8327
-41.6469
-41.4616
-41.2768
-41.0924
-40.9084
-40.725
-40.542
-40.3596
-40.1777
-39.9962
-39.8153
-39.635
-39.4551
-39.2758
-39.0971
-39.0883
-39.0869
-39.0926
-39.1055
-39.1254
-39.1522
-39.1858
-39.2263
-39.2735
-39.3274
-39.3881
-39.4555
-39.5295
-39.6103
-39.6978
-39.7921
-39.8932
-40.0011
-40.116
-40.2378
-40.3668
-40.1636
