-18.5098
-18.5822
-18.6236
-18.6372
-18.627
-18.5958
-18.5446
-18.4709
-18.3712
-18.2409
-18.0777
-17.8818
-17.6594
-17.4206
-17.1783
-16.9443
-16.7275
-16.5296
-16.3459
-16.1656
-15.9745
-15.7581
-15.5055
-15.2127
-14.883
-14.5282
-14.1679
-13.8265
-13.5317
-13.309
-13.1798
-13.1574
-13.2442
-13.4318
-13.7011
-14.0262
-14.3798
-14.7374
-15.1177
-15.5324
-15.9994
-16.5315
-17.1248
-17.7526
-18.3663
-18.9052
-19.3038
-19.4954
-19.4618
-19.2049
-18.7471
-18.1288
-17.4017
-16.6214
-15.8383
-15.0999
-14.4296
-13.849
-13.3734
-13.0183
-12.803
-12.7526
-12.8959
-13.2611
-13.867
-14.7282
-15.8387
-17.1801
-18.7221
-20.4264
-22.2319
-24.0846
-25.9355
-27.7472
-29.4917
-31.1772
-32.6211
-34.2029
-35.7392
-37.2228
-38.6408
-39.9753
-41.2183
-42.375
-43.4629
-44.502
-45.5016
-46.4501
-47.3111
-48.0233
-48.5526
-48.9526
-49.0508
-48.9381
-48.6496
-48.2059
-47.639
-46.9781
-46.2469
-45.4651
-44.65
-43.8175
-42.9929
-42.1825
-41.283
-40.538
-39.8261
-39.138
-38.4664
-37.7973
-37.1197
-36.426
-35.7161
-34.9956
-34.2732
-33.5571
-32.8528
-32.1609
-31.4761
-30.7896
-30.1323
-29.4642
-28.8811
-28.1668
-27.4227
-26.5645
-25.6506
-24.6832
-23.6694
-22.6267
-21.5963
-20.6687
-19.9695
-19.7276
-19.9196
-20.2948
-20.753
-21.2392
-21.7523
-22.3207
-22.9872
-23.7988
-24.7957
-26.0011
-27.4112
-28.9459
-30.5948
-32.2229
-33.8861
-35.5546
-36.9621
-38.1764
-39.1835
-40.0512
-40.8286
-41.5585
-42.2666
-42.9564
-43.6124
-44.209
-44.7216
-45.1372
-45.4598
-45.7037
-45.8908
-46.0408
-46.1632
-46.2521
-46.2864
-46.2336
-46.056
-45.7192
-45.2023
-44.4994
-43.6245
-42.6069
-41.4856
-40.3025
-39.0971
-37.9058
-36.7625
-35.7024
-34.7552
-33.9398
-33.3244
-32.9625
-32.9052
-33.1815
-33.7892
-34.6775
-35.7456
-36.872
-37.9382
-38.7855
-39.379
-39.7375
-39.9323
-40.0489
-40.1739
-40.3668
-40.6427
