-17.4728
-17.5956
-17.7164
-17.831
-17.9353
-18.0246
-18.0943
-18.1395
-18.1551
-18.1361
-18.0777
-17.9725
-17.8197
-17.625
-17.394
-17.1327
-16.8471
-16.5431
-16.2263
-15.9024
-15.5764
-15.2535
-14.9383
-14.6354
-14.3491
-14.0836
-13.8429
-13.6311
-13.4524
-13.3109
-13.211
-13.1574
-13.1396
-13.144
-13.1708
-13.2205
-13.2935
-13.3903
-13.5112
-13.6563
-13.8258
-14.0194
-14.2366
-14.4767
-14.7387
-15.0211
-15.3223
-15.6405
-15.9733
-16.3185
-16.6735
-17.0354
-17.4017
-17.775
-18.1602
-18.5577
-18.9678
-19.3907
-19.8265
-20.275
-20.7361
-21.2093
-21.6944
-22.1907
-22.6978
-23.2153
-23.7429
-24.2803
-24.8278
-25.3857
-25.9548
-26.5367
-27.1333
-27.7472
-28.4276
-29.2153
-30.1013
-31.0762
-32.1299
-33.2515
-34.4294
-35.6508
-36.9021
-38.1691
-39.4367
-40.6894
-41.9116
-43.0873
-44.2004
-45.2349
-46.1747
-47.0033
-47.7039
-48.259
-48.6496
-48.8757
-48.9564
-48.8994
-48.7113
-48.3976
-47.9638
-47.4152
-46.7576
-45.9977
-45.1432
-44.2031
-43.1884
-42.1119
-40.9885
-39.8358
-38.6734
-37.5233
-36.4099
-35.3593
-34.3989
-33.5571
-32.7694
-31.9566
-31.1253
-30.2822
-29.434
-28.5873
-27.7489
-26.9255
-26.1239
-25.351
-24.6135
-23.9186
-23.2731
-22.6841
-22.1588
-21.7043
-21.3279
-21.037
-20.839
-20.7417
-20.753
-20.911
-21.2418
-21.7349
-22.3798
-23.1658
-24.0818
-25.1169
-26.2592
-27.4966
-28.8159
-30.2024
-31.6397
-33.1095
-34.5909
-36.0601
-37.4906
-38.8531
-40.1156
-41.2441
-42.203
-42.9564
-43.5202
-43.9388
-44.2199
-44.3724
-44.4065
-44.3331
-44.1639
-43.9115
-43.5888
-43.2093
-42.7864
-42.3341
-41.8659
-41.3954
-40.9358
-40.5001
-40.1006
-39.7494
-39.4579
-39.237
-39.0971
-39.0182
-38.9718
-38.9557
-38.9672
-39.0034
-39.0615
-39.1385
-39.2312
-39.3368
-39.4519
-39.5736
-39.6985
-39.8234
-39.9448
-40.0592
-40.1627
-40.2513
-40.3207
-40.3664
-40.3835
-40.3668
-40.321
