4.63808
4.65107
4.66406
4.67706
4.69005
4.70304
4.71604
4.72903
4.74202
4.75501
4.76801
4.781
4.25383
3.72666
3.1995
2.67233
2.14516
1.61799
1.09082
0.563655
0.0364871
-0.490681
-1.01785
-1.54502
-2.07219
-2.59935
-3.12652
-3.65369
-4.18086
-4.70803
-5.23519
-5.76236
-6.28953
-6.02663
-5.76374
-5.50084
-5.23794
-4.97505
-4.71215
-4.44925
-4.18636
-3.92346
-3.66056
-3.39767
-3.13477
-2.87187
-2.60898
-2.34608
-2.08318
-1.82029
-1.55739
-1.29449
-1.0316
-0.768699
0.289496
1.34769
2.40589
3.46408
4.52228
5.58047
6.63867
7.69686
8.75506
9.81325
10.8714
11.9296
12.9878
14.046
15.1042
16.1624
17.2206
18.2788
19.337
20.3952
21.4534
22.3032
23.1529
24.0027
24.8524
25.7022
26.5519
27.4017
28.2515
29.1012
29.951
30.8007
31.6505
32.5002
33.35
34.1998
35.0495
35.8993
36.749
37.5988
38.4485
39.2983
37.9642
36.6302
35.2961
33.9621
32.628
31.294
29.9599
28.6259
27.2918
25.9578
24.6237
23.2897
21.9556
20.6216
19.2875
17.9535
16.6194
15.2854
13.9513
12.6173
11.2832
11.0348
10.7864
10.5381
10.2897
10.0413
9.79291
9.54452
9.29614
9.04776
8.79938
8.55099
8.30261
8.05423
7.80585
7.55746
7.30908
7.0607
6.81232
6.56393
6.31555
6.06717
5.62764
5.18811
4.74858
4.30905
3.86952
3.42999
2.99046
2.55093
2.1114
1.67187
1.23235
0.792816
0.353286
-0.0862433
-0.525773
-0.965302
-1.40483
-1.84436
-2.28389
-2.72342
-3.16295
-3.33743
-3.51192
-3.6864
-3.86088
-4.03537
-4.20985
-4.38433
-4.55882
-4.7333
-4.90778
-5.08227
-5.25675
-5.43123
-5.60572
-5.7802
-5.95468
-6.12917
-6.30365
-6.47813
-6.65262
-6.8271
-6.74755
-6.668
-6.58845
-6.5089
-6.42935
-6.34981
-6.27026
-6.19071
-6.11116
-6.03161
-5.95206
-5.87251
-5.79296
-5.71341
-5.63386
-5.55432
-5.47477
-5.39522
-5.31567
-5.23612
-5.15657
-5.13886
-5.12114
-5.10343
-5.08571
-5.068
-5.05028
-5.03257
-5.01486
-4.99714
-4.97943
-4.96171
-4.944
-4.92628
-4.90857
-4.89086
-4.87314
-4.85543
-4.83771
-4.82
-4.80228
-4.78457
-5.2016
-5.61864
-6.03567
-6.45271
-6.86974
-7.28678
-7.70381
-8.12085
-8.53788
-8.95492
-9.37195
-9.78899
-10.206
-10.6231
-11.0401
-11.4571
-11.8742
-12.2912
-12.7082
-13.1253
-13.5423
-13.5243
-13.5063
-13.4884
-13.4704
-13.4524
-13.4344
-13.4165
-13.3985
-13.3805
-13.3625
-13.3446
-13.3266
-13.3086
-13.2906
-13.2727
-13.2547
-13.2367
-13.2187
-13.2008
-13.1828
-13.1648
-12.6638
-12.1629
-11.6619
-11.1609
-10.66
-10.159
-9.65803
-9.15707
-8.6561
-8.15513
-7.65417
-7.1532
-6.65223
-6.15127
-5.6503
-5.14933
-4.64837
-4.1474
-3.64643
-3.14547
-2.6445
-10.4341
-18.2238
-26.0134
-33.8031
-41.5927
-49.3824
-57.172
-64.9616
-72.7513
-80.5409
-88.3306
-96.1202
-103.91
-111.7
-119.489
-127.279
