5.82957
5.81169
5.7792
5.7407
5.70066
5.65981
5.61233
5.54624
5.44671
5.29561
5.07698
4.781
4.40435
3.95353
3.43948
2.87743
2.28162
1.66459
1.03599
0.402616
-0.230245
-0.856198
-1.46783
-2.05633
-2.61378
-3.13418
-3.61781
-4.0711
-4.50558
-4.93565
-5.37407
-5.82634
-6.28953
-6.74993
-7.18602
-7.57065
-7.87663
-8.08257
-8.17507
-8.1511
-8.01774
-7.78792
-7.4778
-7.1025
-6.67359
-6.19817
-5.6786
-5.11646
-4.51192
-3.86419
-3.17096
-2.42898
-1.63079
-0.768699
0.164533
1.17274
2.25697
3.40497
4.59802
5.80867
7.00691
8.16086
9.24968
10.2634
11.205
12.0911
12.954
13.8224
14.7251
15.6799
16.6972
17.7786
18.9252
20.1441
21.4534
22.8829
24.4824
26.3014
28.3928
30.7785
33.4453
36.3297
39.3289
42.3064
45.1226
47.643
49.7408
51.3034
52.2296
52.4303
51.8482
50.4776
48.3812
45.6895
42.5903
39.2983
36.0025
32.8598
29.9743
27.3973
25.1401
23.1845
21.4972
20.0359
18.7645
17.6543
16.6795
15.8217
15.0651
14.3951
13.8008
13.2701
12.7955
12.3664
11.9748
11.6154
11.2832
10.9761
10.6929
10.4325
10.1935
9.97395
9.77167
9.58493
9.41093
9.25054
9.10508
8.97555
8.85958
8.74866
8.62779
8.46522
8.24668
7.95627
7.58742
7.14249
6.63123
6.06717
5.46471
4.83805
4.20613
3.57223
2.95088
2.35477
1.79433
1.27409
0.800277
0.373163
-0.0105951
-0.357441
-0.67662
-0.984032
-1.2915
-1.60669
-1.92969
-2.25783
-2.5808
-2.88616
-3.16295
-3.40387
-3.60444
-3.77105
-3.91484
-4.04993
-4.1899
-4.34486
-4.5215
-4.72019
-4.937
-5.16455
-5.39419
-5.61748
-5.82782
-6.02029
-6.19288
-6.34567
-6.4811
-6.60288
-6.71641
-6.8271
-6.94072
-7.06064
-7.1874
-7.31871
-7.44801
-7.56623
-7.6635
-7.73059
-7.76122
-7.75263
-7.70586
-7.62412
-7.511
-7.36901
-7.19704
-6.99045
-6.74103
-6.43914
-6.07635
-5.64802
-5.15657
-4.61195
-4.03203
-3.44116
-2.86633
-2.33306
-1.86182
-1.46583
-1.15061
-0.916238
-0.762087
-0.687973
-0.698647
-0.802722
-1.01078
-1.3284
-1.75432
-2.27592
-2.86976
-3.50602
-4.15337
-4.78457
-5.38222
-5.94063
-6.46663
-6.97474
-7.48366
-8.01066
-8.56686
-9.15442
-9.76576
-10.3852
-10.9907
-11.5575
-12.0618
-12.4841
-12.8133
-13.0498
-13.206
-13.3055
-13.3766
-13.4482
-13.5423
-13.6705
-13.8342
-14.0253
-14.2303
-14.4343
-14.6243
-14.7905
-14.9269
-15.0301
-15.0995
-15.1347
-15.1361
-15.1034
-15.0352
-14.9283
-14.7771
-14.5756
-14.3162
-13.9936
-13.6079
-13.1648
-12.6773
-12.1629
-11.64
-11.1229
-10.6185
-10.1253
-9.6336
-9.12904
-8.59768
-8.03338
-7.43834
-6.8271
-6.22005
-5.63991
-5.10545
-4.62605
-4.20002
-3.81247
-3.44019
-3.05791
-2.6445
-2.19487
-1.71833
-1.24118
-0.803801
-0.451822
-0.234272
-0.191135
-0.353747
-0.749235
-1.40368
-2.37211
-3.77499
-5.89447
-9.44456
-16.6175
-37.2042
