5.4959
5.55952
5.6057
5.63168
5.6347
5.612
5.56082
5.47839
5.36196
5.20875
5.01602
4.781
4.48089
4.10076
3.64966
3.13665
2.57076
1.96106
1.31658
0.646381
-0.0404906
-0.734985
-1.42805
-2.11065
-2.77372
-3.40822
-4.00509
-4.5553
-5.04978
-5.4795
-5.83539
-6.10842
-6.28953
-6.40297
-6.47901
-6.5176
-6.51871
-6.48231
-6.40835
-6.29681
-6.14764
-5.96082
-5.73631
-5.47406
-5.17405
-4.83625
-4.4606
-4.04709
-3.59566
-3.1063
-2.57895
-2.0136
-1.41019
-0.768699
-0.0664569
0.714625
1.56772
2.486
3.46263
4.49079
5.56365
6.67439
7.81616
8.98215
10.1655
11.3595
12.5571
13.7517
14.9363
16.1042
17.2485
18.3624
19.4391
20.4717
21.4534
22.4472
23.5117
24.6335
25.7991
26.9951
28.208
29.4245
30.631
31.8141
32.9605
34.0566
35.0891
36.0444
36.9092
37.6699
38.3133
38.8258
39.194
39.4044
39.4437
39.2983
38.93
38.3243
37.5034
36.4895
35.3049
33.9719
32.5126
30.9493
29.3042
27.5997
25.8579
24.101
22.3514
20.6313
18.9628
17.3683
15.8699
14.49
13.2508
12.1744
11.2832
10.5468
9.91418
9.37671
8.92568
8.5524
8.24819
8.00437
7.81225
7.66314
7.54836
7.45921
7.38703
7.32311
7.25878
7.18534
7.09412
6.97642
6.82356
6.62686
6.37762
6.06717
5.70832
5.32174
4.91055
4.47784
4.02672
3.56029
3.08166
2.59392
2.10018
1.60355
1.10713
0.614012
0.127313
-0.349867
-0.814427
-1.26326
-1.69327
-2.10134
-2.48439
-2.83929
-3.16295
-3.4634
-3.75077
-4.02515
-4.28661
-4.53522
-4.77106
-4.99421
-5.20473
-5.40271
-5.58822
-5.76133
-5.92211
-6.07066
-6.20703
-6.3313
-6.44355
-6.54385
-6.63229
-6.70892
-6.77383
-6.8271
-6.86136
-6.87062
-6.85705
-6.82278
-6.76998
-6.70077
-6.61732
-6.52178
-6.41629
-6.30299
-6.18405
-6.06161
-5.93781
-5.81481
-5.69475
-5.57979
-5.47206
-5.37373
-5.28694
-5.21384
-5.15657
-5.10095
-5.03306
-4.95543
-4.8706
-4.7811
-4.68947
-4.59824
-4.50997
-4.42717
-4.35239
-4.28817
-4.23704
-4.20154
-4.1842
-4.18757
-4.21417
-4.26655
-4.34724
-4.45879
-4.60372
-4.78457
-5.0143
-5.30024
-5.63646
-6.01705
-6.4361
-6.88768
-7.36588
-7.86478
-8.37847
-8.90102
-9.42653
-9.94908
-10.4627
-10.9616
-11.4398
-11.8913
-12.3102
-12.6907
-13.0269
-13.3127
-13.5423
-13.7326
-13.9041
-14.0565
-14.1895
-14.3028
-14.396
-14.4688
-14.5209
-14.552
-14.5617
-14.5497
-14.5157
-14.4593
-14.3803
-14.2783
-14.1529
-14.0039
-13.8309
-13.6336
-13.4117
-13.1648
-12.6949
-11.8439
-10.6714
-9.23723
-7.60099
-5.82239
-3.9611
-2.07681
-0.22921
1.52202
3.1172
4.49664
5.60066
6.36958
6.7437
6.66335
6.06883
4.90048
3.09859
0.603495
-2.6445
-6.83738
-12.0571
-18.1984
-25.1558
-32.8241
-41.0978
-49.8717
-59.0404
-68.4985
-78.1407
-87.8617
-97.556
-107.118
-116.444
-125.426
-133.961
