4.66018
4.67314
4.6857
4.69787
4.70963
4.72101
4.73198
4.74257
4.75276
4.76256
4.77198
4.781
4.23929
3.69992
3.16276
2.62767
2.09451
1.56313
1.03341
0.505191
-0.0216597
-0.547284
-1.07182
-1.59542
-2.11823
-2.64037
-3.16201
-3.68329
-4.20436
-4.72537
-5.24646
-5.7678
-6.28953
-6.03687
-5.78597
-5.53646
-5.28797
-5.04012
-4.79254
-4.54481
-4.29653
-4.04727
-3.79656
-3.54392
-3.28882
-3.03071
-2.76897
-2.50294
-2.23187
-1.95495
-1.67128
-1.37981
-1.07939
-0.768699
-0.146275
0.496309
1.16098
1.84988
2.5654
3.31019
4.08724
4.89991
5.75198
6.64773
7.59201
8.59037
9.64914
10.7756
11.978
13.2662
14.6511
16.1459
17.7657
19.528
21.4534
22.1452
22.8493
23.5662
24.2964
25.0403
25.7985
26.5714
27.3598
28.164
28.9848
29.8228
30.6786
31.5528
32.4462
33.3595
34.2933
35.2485
36.2258
37.226
38.2499
39.2983
36.0897
33.315
30.8952
28.7675
26.8813
25.1965
23.6806
22.3075
21.0559
19.9082
18.85
17.8693
16.9561
16.1019
15.2995
14.5428
13.8264
13.146
12.4976
11.8776
11.2832
11.0031
10.728
10.4576
10.1915
9.9293
9.67075
9.41554
9.16341
8.9141
8.66737
8.423
8.18077
7.94048
7.70195
7.46499
7.22943
6.99511
6.76187
6.52957
6.29804
6.06717
5.51442
4.97952
4.46109
3.95788
3.4687
2.99246
2.52816
2.07484
1.63161
1.19766
0.772188
0.354465
-0.0562134
-0.460516
-0.859081
-1.25252
-1.64143
-2.02637
-2.40791
-2.78659
-3.16295
-3.31877
-3.47593
-3.63449
-3.79453
-3.95613
-4.11936
-4.28432
-4.45108
-4.61973
-4.79037
-4.96307
-5.13795
-5.3151
-5.49462
-5.67661
-5.8612
-6.04848
-6.23859
-6.43164
-6.62777
-6.8271
-6.77368
-6.71796
-6.6599
-6.59945
-6.53658
-6.47123
-6.40336
-6.33293
-6.25987
-6.18413
-6.10567
-6.02441
-5.94031
-5.85329
-5.76329
-5.67023
-5.57406
-5.47469
-5.37204
-5.26603
-5.15657
-5.13905
-5.12151
-5.10396
-5.08638
-5.06878
-5.05116
-5.03353
-5.01587
-4.99819
-4.98049
-4.96278
-4.94504
-4.92729
-4.90952
-4.89172
-4.87391
-4.85608
-4.83823
-4.82036
-4.80248
-4.78457
-5.32049
-5.83508
-6.33047
-6.80858
-7.27114
-7.71973
-8.15577
-8.58059
-8.99539
-9.4013
-9.79936
-10.1905
-10.5758
-10.956
-11.3319
-11.7044
-12.0743
-12.4422
-12.8091
-13.1755
-13.5423
-13.5031
-13.4661
-13.4311
-13.3981
-13.3671
-13.3381
-13.3111
-13.286
-13.263
-13.2419
-13.2228
-13.2059
-13.1911
-13.1786
-13.1684
-13.1606
-13.1555
-13.1531
-13.1537
-13.1575
-13.1648
-12.8206
-12.4703
-12.1129
-11.7477
-11.3738
-10.9901
-10.5954
-10.1884
-9.7677
-9.33151
-8.87793
-8.40474
-7.90937
-7.38883
-6.83962
-6.25762
-5.63792
-4.97465
-4.26075
-3.48757
-2.6445
-2.73836
-2.85995
-3.01527
-3.21226
-3.4616
-3.77802
-4.18236
-4.70517
-5.393
-6.32036
-7.61425
-9.50947
-12.4906
-17.7255
-28.7355
-58.7199
