5.4812
5.55133
5.60414
5.63647
5.64515
5.62703
5.57896
5.49781
5.38048
5.2239
5.02506
4.781
4.47051
4.08052
3.62033
3.09927
2.52666
1.91178
1.26388
0.59215
-0.0943172
-0.786504
-1.47549
-2.15247
-2.80871
-3.43559
-4.02457
-4.56719
-5.055
-5.47959
-5.83254
-6.10538
-6.28953
-6.39617
-6.44508
-6.44036
-6.38597
-6.28571
-6.14314
-5.96162
-5.74427
-5.49399
-5.21343
-4.90507
-4.57119
-4.21394
-3.83536
-3.43744
-3.02221
-2.59176
-2.1484
-1.69469
-1.23363
-0.768699
-0.274425
0.278002
0.889652
1.56162
2.29499
3.09076
3.94977
4.8726
5.85946
6.91004
8.02335
9.1975
10.4295
11.7151
13.0483
14.4213
15.8243
17.245
18.6688
20.0782
21.4534
22.8354
24.2762
25.7696
27.3069
28.8768
30.465
32.0539
33.6222
35.1449
36.5935
37.9368
39.1413
40.173
40.9989
41.5886
41.9168
41.9646
41.7221
41.1887
40.3743
39.2983
37.9108
36.222
34.3423
32.3671
30.3727
28.4155
26.534
24.752
23.0821
21.5294
20.0938
18.7722
17.5598
16.4516
15.4425
14.5281
13.7048
12.9698
12.3215
11.7592
11.2832
10.882
10.5364
10.2367
9.97493
9.74369
9.53645
9.34728
9.17069
9.00156
8.8351
8.66679
8.49237
8.30781
8.10932
7.89336
7.65664
7.39615
7.10919
6.79336
6.44658
6.06717
5.65223
5.20483
4.73208
4.2405
3.73604
3.22402
2.7092
2.19577
1.68739
1.18728
0.69821
0.222621
-0.237371
-0.6799
-1.10331
-1.50608
-1.88683
-2.24421
-2.57692
-2.88363
-3.16295
-3.42247
-3.67149
-3.91095
-4.14158
-4.36398
-4.57854
-4.78556
-4.9852
-5.17752
-5.36248
-5.53997
-5.70978
-5.87164
-6.02524
-6.17016
-6.30596
-6.4321
-6.54799
-6.65297
-6.74629
-6.8271
-6.88834
-6.92436
-6.93647
-6.92603
-6.89449
-6.8434
-6.7744
-6.68927
-6.5899
-6.47829
-6.3566
-6.22714
-6.09233
-5.95474
-5.8171
-5.68223
-5.5531
-5.43278
-5.32443
-5.23127
-5.15657
-5.08427
-4.99777
-4.89965
-4.79263
-4.67954
-4.56338
-4.44731
-4.33464
-4.22883
-4.13347
-4.05224
-3.98887
-3.9471
-3.93061
-3.94293
-3.98739
-4.06705
-4.18458
-4.34225
-4.54183
-4.78457
-5.08383
-5.44506
-5.8574
-6.31044
-6.79441
-7.30034
-7.82011
-8.34643
-8.87285
-9.39363
-9.90369
-10.3985
-10.8738
-11.326
-11.7514
-12.1464
-12.5077
-12.8317
-13.1147
-13.3529
-13.5423
-13.6948
-13.8259
-13.9367
-14.028
-14.1006
-14.1554
-14.193
-14.214
-14.219
-14.2086
-14.183
-14.1428
-14.0883
-14.0197
-13.9374
-13.8414
-13.7321
-13.6096
-13.474
-13.3257
-13.1648
-12.9692
-12.7182
-12.4144
-12.0603
-11.6592
-11.2142
-10.7291
-10.2077
-9.65433
-9.07363
-8.47054
-7.85037
-7.21887
-6.58222
-5.94711
-5.32086
-4.7115
-4.12805
-3.58073
-3.08146
-2.6445
-2.28028
-1.99149
-1.78412
-1.66611
-1.6482
-1.74521
-1.97818
-2.37797
-2.99164
-3.89448
-5.21474
-7.18921
-10.3056
-15.7351
-26.9848
-56.9905
